39,6,77516,1,13,3,9,4,1,2,2174,0,40,1,1
50,2,83311,1,13,1,5,3,1,2,0,0,13,1,1
38,1,215646,4,9,2,7,4,1,2,0,0,40,1,1
53,1,234721,3,7,1,7,3,5,2,0,0,40,1,1
28,1,338409,1,13,1,6,1,5,1,0,0,40,13,1
37,1,284582,11,14,1,5,1,1,1,0,0,40,1,1
49,1,160187,8,5,6,3,4,5,1,0,0,16,19,1
52,2,209642,4,9,1,5,3,1,2,0,0,45,1,2
31,1,45781,11,14,3,6,4,1,1,14084,0,50,1,2
42,1,159449,1,13,1,5,3,1,2,5178,0,40,1,2
37,1,280464,2,10,1,5,3,5,2,0,0,80,1,2
30,6,141297,1,13,1,6,3,2,2,0,0,40,8,2
23,1,122272,1,13,3,9,2,1,1,0,0,30,1,1
32,1,205019,6,12,3,4,4,5,2,0,0,50,1,1
40,1,121772,7,11,1,2,3,2,2,0,0,40,0,2
34,1,245487,9,4,1,11,3,3,2,0,0,45,21,1
25,2,176756,4,9,3,10,2,1,2,0,0,35,1,1
32,1,186824,4,9,3,8,6,1,2,0,0,40,1,1
38,1,28887,3,7,1,4,3,1,2,0,0,50,1,1
43,2,292175,11,14,2,5,6,1,1,0,0,45,1,2
40,1,193524,14,16,1,6,3,1,2,0,0,60,1,2
54,1,302146,4,9,4,3,6,5,1,0,0,20,1,1
35,4,76845,8,5,1,10,3,5,2,0,0,40,1,1
43,1,117037,3,7,1,11,3,1,2,0,2042,40,1,1
59,1,109015,4,9,2,1,6,1,1,0,0,40,1,1
56,5,216851,1,13,1,1,3,1,2,0,0,40,1,2
19,1,168294,4,9,3,2,2,1,2,0,0,40,1,1
54,0,180211,2,10,1,0,3,2,2,0,0,60,11,2
39,1,367260,4,9,2,5,4,1,2,0,0,80,1,1
49,1,193366,4,9,1,2,3,1,2,0,0,40,1,1
23,5,190709,6,12,3,13,4,1,2,0,0,52,1,1
20,1,266015,2,10,3,4,2,5,2,0,0,44,1,1
45,1,386940,1,13,2,5,2,1,2,0,1408,40,1,1
30,4,59951,2,10,1,9,2,1,2,0,0,40,1,1
22,6,311512,2,10,1,3,3,5,2,0,0,15,1,1
48,1,242406,3,7,3,8,6,1,2,0,0,40,4,1
21,1,197200,2,10,3,8,2,1,2,0,0,40,1,1
19,1,544091,4,9,7,9,1,1,1,0,0,25,1,1
31,1,84154,2,10,1,4,3,1,2,0,0,38,0,2
48,2,265477,6,12,1,6,3,1,2,0,0,40,1,1
31,1,507875,8,5,1,8,3,1,2,0,0,43,1,1
53,2,88506,1,13,1,6,3,1,2,0,0,40,1,1
24,1,172987,1,13,1,1,3,1,2,0,0,50,1,1
49,1,94638,4,9,4,9,6,1,1,0,0,40,1,1
25,1,289980,4,9,3,7,4,1,2,0,0,35,1,1
57,4,337895,1,13,1,6,3,5,2,0,0,40,1,2
53,1,144361,4,9,1,8,3,1,2,0,0,38,1,1
44,1,128354,11,14,2,5,6,1,1,0,0,40,1,1
41,6,101603,7,11,1,2,3,1,2,0,0,40,1,1
29,1,271466,7,11,3,6,4,1,2,0,0,43,1,1
25,1,32275,2,10,1,5,1,4,1,0,0,40,1,1
18,1,226956,4,9,3,3,2,1,1,0,0,30,0,1
47,1,51835,5,15,1,6,1,1,1,0,1902,60,15,2
50,4,251585,1,13,2,5,4,1,2,0,0,55,1,2
47,3,109832,4,9,2,5,4,1,2,0,0,60,1,1
43,1,237993,2,10,1,1,3,1,2,0,0,40,1,2
46,1,216666,15,3,1,8,3,1,2,0,0,40,21,1
35,1,56352,7,11,1,3,3,1,2,0,0,40,4,1
41,1,147372,4,9,1,9,3,1,2,0,0,48,1,1
30,1,188146,4,9,1,8,3,1,2,5013,0,40,1,1
30,1,59496,1,13,1,4,3,1,2,2407,0,40,1,1
32,0,293936,9,4,6,0,4,1,2,0,0,40,0,1
48,1,149640,4,9,1,11,3,1,2,0,0,40,1,1
42,1,116632,14,16,1,6,3,1,2,0,0,45,1,2
29,1,105598,2,10,2,1,4,1,2,0,0,58,1,1
36,1,155537,4,9,1,2,3,1,2,0,0,40,1,1
28,1,183175,2,10,2,9,4,1,1,0,0,40,1,1
53,1,169846,4,9,1,9,1,1,1,0,0,40,1,2
49,3,191681,2,10,1,5,3,1,2,0,0,50,1,2
25,0,200681,2,10,3,0,2,1,2,0,0,40,1,1
19,1,101509,2,10,3,6,2,1,2,0,0,32,1,1
31,1,309974,1,13,4,4,2,5,1,0,0,40,1,1
29,2,162298,1,13,1,4,3,1,2,0,0,70,1,2
23,1,211678,2,10,3,8,4,1,2,0,0,40,1,1
79,1,124744,2,10,1,6,5,1,2,0,0,20,1,1
27,1,213921,4,9,3,3,2,1,2,0,0,40,21,1
40,1,32214,6,12,1,9,3,1,2,0,0,40,1,1
67,0,212759,13,6,1,0,3,1,2,0,0,2,1,1
18,1,309634,3,7,3,3,2,1,1,0,0,22,1,1
31,5,125927,9,4,1,10,3,1,2,0,0,40,1,1
18,1,446839,4,9,3,4,4,1,2,0,0,30,1,1
52,1,276515,1,13,1,3,3,1,2,0,0,40,13,1
46,1,51618,4,9,1,3,1,1,1,0,0,40,1,1
59,1,159937,4,9,1,4,3,1,2,0,0,48,1,1
44,1,343591,4,9,2,2,4,1,1,14344,0,40,1,2
53,1,346253,4,9,2,4,2,1,1,0,0,35,1,1
49,5,268234,4,9,1,13,3,1,2,0,0,40,1,2
33,1,202051,11,14,1,6,3,1,2,0,0,50,1,1
30,1,54334,8,5,3,4,4,1,2,0,0,40,1,1
43,4,410867,14,16,3,6,4,1,1,0,0,50,1,2
57,1,249977,7,11,1,6,3,1,2,0,0,40,1,1
37,1,286730,2,10,2,2,6,1,1,0,0,40,1,1
28,1,212563,2,10,2,8,6,5,1,0,0,25,1,1
30,1,117747,4,9,1,4,1,2,1,0,1573,35,0,1
34,5,226296,1,13,1,13,3,1,2,0,0,40,1,2
29,5,115585,2,10,3,7,4,1,2,0,0,50,1,1
48,2,191277,14,16,1,6,3,1,2,0,1902,60,1,2
37,1,202683,2,10,1,4,3,1,2,0,0,48,1,2
48,1,171095,6,12,2,5,6,1,1,0,0,40,3,1
32,4,249409,4,9,3,3,2,5,2,0,0,40,1,1
76,1,124191,11,14,1,5,3,1,2,0,0,40,1,2
44,1,198282,1,13,1,5,3,1,2,15024,0,60,1,2
47,2,149116,11,14,3,6,4,1,1,0,0,50,1,1
20,1,188300,2,10,3,1,2,1,1,0,0,40,1,1
29,1,103432,4,9,3,2,4,1,2,0,0,40,1,1
32,3,317660,4,9,1,2,3,1,2,7688,0,40,1,2
17,0,304873,13,6,3,0,2,1,1,34095,0,32,1,1
30,1,194901,3,7,3,7,2,1,2,0,0,40,1,1
31,5,189265,4,9,3,9,4,1,1,0,0,40,1,1
42,1,124692,4,9,1,7,3,1,2,0,0,40,1,1
24,1,432376,1,13,3,4,5,1,2,0,0,40,1,1
38,1,65324,5,15,1,6,3,1,2,0,0,40,1,2
56,2,335605,4,9,1,3,3,1,2,0,1887,50,5,2
28,1,377869,2,10,1,4,1,1,1,4064,0,25,1,1
36,1,102864,4,9,3,8,2,1,1,0,0,40,1,1
53,1,95647,8,5,1,7,3,1,2,0,0,50,1,1
56,3,303090,2,10,1,4,3,1,2,0,0,50,1,1
49,5,197371,7,11,1,2,3,5,2,0,0,40,1,2
55,1,247552,2,10,1,4,3,1,2,0,0,56,1,1
22,1,102632,4,9,3,2,4,1,2,0,0,41,1,1
21,1,199915,2,10,3,3,2,1,1,0,0,40,1,1
40,1,118853,1,13,1,5,3,1,2,0,0,60,1,1
30,1,77143,1,13,3,5,2,5,2,0,0,40,6,1
29,6,267989,1,13,1,6,3,1,2,0,0,50,1,2
19,1,301606,2,10,3,3,2,5,2,0,0,35,1,1
47,1,287828,1,13,1,5,1,1,1,0,0,40,1,2
20,1,111697,2,10,3,9,2,1,1,0,1719,28,1,1
31,1,114937,6,12,1,9,3,1,2,0,0,40,1,2
35,0,129305,4,9,1,0,3,1,2,0,0,40,1,1
39,1,365739,2,10,2,2,4,1,2,0,0,40,1,1
28,1,69621,6,12,3,4,4,1,1,0,0,60,1,1
24,1,43323,4,9,3,3,4,1,1,0,1762,40,1,1
38,2,120985,4,9,1,2,3,1,2,4386,0,35,1,1
37,1,254202,1,13,1,4,3,1,2,0,0,50,1,1
46,1,146195,6,12,2,1,4,5,1,0,0,36,1,1
38,4,125933,11,14,1,6,3,1,2,0,0,40,14,2
43,2,56920,4,9,1,2,3,1,2,0,0,60,1,1
27,1,163127,7,11,1,9,1,1,1,0,0,35,1,1
20,1,34310,2,10,3,4,2,1,2,0,0,20,1,1
49,1,81973,2,10,1,2,3,2,2,0,0,40,1,2
61,3,66614,4,9,1,2,3,1,2,0,0,40,1,1
27,1,232782,2,10,3,4,2,1,1,0,0,40,1,1
19,1,316868,2,10,3,3,2,1,2,0,0,30,21,1
45,1,196584,7,11,3,6,4,1,1,0,1564,40,1,2
70,1,105376,2,10,3,1,5,1,2,0,0,40,1,1
31,1,185814,4,9,3,11,6,5,1,0,0,30,1,1
22,1,175374,2,10,1,3,3,1,2,0,0,24,1,1
36,1,108293,4,9,5,3,6,1,1,0,0,24,1,1
64,1,181232,3,7,1,2,3,1,2,0,2179,40,1,1
43,0,174662,2,10,2,0,4,1,1,0,0,40,1,1
47,5,186009,2,10,2,9,6,1,1,0,0,38,21,1
34,1,198183,4,9,3,9,4,1,1,0,0,40,1,1
33,1,163003,1,13,3,5,5,2,1,0,0,40,16,1
21,1,296158,4,9,3,2,2,1,2,0,0,35,1,1
52,0,252903,4,9,2,0,4,1,2,0,0,45,1,2
48,1,187715,4,9,1,2,3,1,2,0,0,46,1,1
23,1,214542,1,13,3,7,4,1,2,0,0,40,1,1
71,2,494223,2,10,4,4,6,5,2,0,1816,2,1,1
29,1,191535,4,9,2,2,4,1,2,0,0,60,1,1
42,1,228456,1,13,4,3,5,5,2,0,0,50,1,1
68,0,38317,12,2,2,0,4,1,1,0,0,20,1,1
25,1,252752,4,9,3,3,6,1,1,0,0,40,1,1
44,3,78374,11,14,2,5,6,2,1,0,0,40,1,1
28,1,88419,4,9,3,5,4,2,1,0,0,40,3,1
45,2,201080,11,14,1,4,3,1,2,0,0,40,1,2
36,1,207157,2,10,2,3,6,1,1,0,0,40,21,1
39,4,235485,6,12,3,5,4,1,2,0,0,42,1,1
46,6,102628,11,14,5,13,6,1,2,0,0,40,1,1
18,1,25828,3,7,3,7,2,1,2,0,0,16,1,1
66,5,54826,7,11,5,6,4,1,1,0,0,20,1,1
27,1,124953,4,9,3,3,4,1,2,0,1980,40,1,1
28,6,175325,4,9,1,13,3,1,2,0,0,40,1,1
51,1,96062,2,10,1,4,3,1,2,0,1977,40,1,2
27,1,428030,1,13,3,2,4,1,2,0,0,50,1,1
28,6,149624,1,13,1,6,3,1,2,0,0,40,1,2
27,1,253814,4,9,6,4,6,1,1,0,0,25,1,1
21,1,312956,4,9,3,2,2,5,2,0,0,40,1,1
34,1,483777,4,9,3,7,4,5,2,0,0,40,1,1
18,1,183930,4,9,3,3,2,1,2,0,0,12,1,1
33,1,37274,1,13,1,6,3,1,2,0,0,65,1,1
44,5,181344,2,10,1,5,3,5,2,0,0,38,1,2
43,1,114580,2,10,2,9,4,1,1,0,0,40,1,1
30,1,633742,2,10,3,2,4,5,2,0,0,45,1,1
40,1,286370,9,4,1,8,3,1,2,0,0,40,21,2
37,4,29054,2,10,1,9,3,1,2,0,0,42,1,2
34,1,304030,4,9,1,9,3,5,2,0,0,40,1,1
41,2,143129,1,13,2,5,4,1,1,0,0,40,1,1
53,0,135105,1,13,2,0,4,1,1,0,0,50,1,1
31,1,99928,11,14,1,6,1,1,1,0,0,50,1,1
58,6,109567,14,16,1,6,3,1,2,0,0,1,1,2
38,1,155222,2,10,2,8,4,5,1,0,0,28,1,1
24,1,159567,2,10,1,8,3,1,2,0,0,40,1,1
41,5,523910,1,13,1,2,3,5,2,0,0,40,1,1
47,1,120939,2,10,1,1,3,1,2,0,0,45,1,1
41,4,130760,1,13,1,1,3,1,2,0,0,24,1,1
23,1,197387,15,3,1,11,5,1,2,0,0,40,21,1
36,1,99374,2,10,2,2,4,1,2,0,0,40,1,1
40,4,56795,11,14,3,5,4,1,1,14084,0,55,1,2
35,1,138992,11,14,1,6,5,1,2,7298,0,40,1,2
24,2,32921,4,9,3,4,4,1,2,0,0,40,1,1
26,1,397317,11,14,3,6,4,1,1,0,1876,40,1,1
19,0,170653,4,9,3,0,2,1,2,0,0,40,17,1
51,1,259323,1,13,1,5,3,1,2,0,0,50,1,2
42,5,254817,2,10,3,6,4,1,1,0,1340,40,1,1
37,6,48211,4,9,2,9,6,1,1,0,0,35,1,1
18,1,140164,3,7,3,4,2,1,1,0,0,40,1,1
36,1,128757,1,13,1,3,3,5,2,7298,0,36,1,2
35,1,36270,4,9,2,2,4,1,2,0,0,60,1,1
58,3,210563,4,9,1,4,1,1,1,15024,0,35,1,2
17,1,65368,3,7,3,4,2,1,1,0,0,12,1,1
44,5,160943,4,9,1,11,3,5,2,0,0,40,1,1
37,1,208358,4,9,1,2,3,1,2,0,0,40,1,2
35,1,153790,2,10,3,4,4,3,1,0,0,40,1,1
60,1,85815,4,9,1,2,3,2,2,0,0,40,1,1
54,3,125417,9,4,1,8,3,1,2,0,0,40,1,2
37,1,635913,1,13,3,5,4,5,2,0,0,60,1,2
50,1,313321,6,12,2,4,4,1,1,0,0,40,1,1
38,1,182609,1,13,1,4,3,1,2,0,0,50,18,1
45,1,109434,1,13,1,6,3,1,2,0,0,55,1,1
25,1,255004,13,6,3,2,4,1,2,0,0,40,1,1
31,1,197860,2,10,1,7,3,1,2,0,0,40,1,1
64,0,187656,12,2,2,0,4,1,2,0,0,40,1,1
90,1,51744,4,9,3,3,4,5,2,0,2206,40,1,1
54,1,176681,4,9,1,9,3,5,2,0,0,20,1,1
53,5,140359,16,1,3,8,4,1,1,0,0,35,1,1
18,1,243313,4,9,3,4,2,1,1,0,0,40,1,1
60,0,24215,13,6,2,0,4,3,1,0,0,10,1,1
66,2,167687,4,9,1,10,3,1,2,1409,0,50,1,1
75,1,314209,7,11,5,9,4,1,1,0,0,20,30,1
65,1,176796,4,9,2,9,4,1,1,0,0,40,1,1
35,1,538583,3,7,4,11,4,5,2,3674,0,40,1,1
41,1,130408,4,9,2,4,6,5,1,0,0,38,1,1
25,1,159732,2,10,3,9,4,1,2,0,0,42,1,1
33,1,110978,2,10,2,2,5,4,1,0,0,40,1,1
28,1,76714,5,15,3,6,4,1,2,0,0,55,1,2
59,6,268700,4,9,1,3,3,1,2,0,0,40,1,1
40,6,170525,2,10,3,9,4,1,1,0,0,38,1,1
41,1,180138,1,13,1,5,3,1,2,0,0,50,14,2
38,5,115076,11,14,1,5,3,1,2,0,0,70,1,2
23,1,115458,4,9,3,11,2,1,2,0,0,40,1,1
40,1,347890,1,13,1,6,3,1,2,0,0,40,1,2
41,2,196001,4,9,1,3,1,1,1,0,0,20,1,1
24,6,273905,6,12,1,13,3,1,2,0,0,50,1,1
20,0,119156,2,10,3,0,2,1,2,0,0,20,1,1
38,1,179488,2,10,2,2,4,1,2,0,1741,40,1,1
56,1,203580,4,9,1,9,3,1,2,0,0,35,0,1
58,1,236596,4,9,1,9,3,1,2,0,0,45,1,2
32,1,183916,4,9,3,3,4,1,1,0,0,34,1,1
40,1,207578,6,12,1,1,3,1,2,0,1977,60,1,2
45,1,153141,4,9,1,9,3,1,2,0,0,40,0,1
41,1,112763,5,15,1,6,1,1,1,0,0,40,1,2
42,1,390781,1,13,1,9,1,5,1,0,0,40,1,1
59,5,171328,13,6,5,3,6,5,1,0,0,30,1,1
19,5,27382,2,10,3,9,2,1,2,0,0,40,1,1
58,1,259014,2,10,3,11,4,1,2,0,0,20,1,1
42,2,303044,4,9,1,10,3,2,2,0,0,40,2,2
20,1,117789,4,9,3,3,2,1,1,0,0,40,1,1
32,1,172579,4,9,4,3,4,1,1,0,0,30,1,1
45,1,187666,7,11,5,5,4,1,1,0,0,45,1,1
50,1,204518,9,4,2,2,4,1,2,0,0,40,1,1
36,1,150042,1,13,2,6,2,1,1,0,0,40,1,1
45,1,98092,4,9,1,4,3,1,2,0,0,60,1,1
17,1,245918,3,7,3,3,2,1,2,0,0,12,1,1
59,1,146013,2,10,1,4,3,1,2,4064,0,40,1,1
26,1,378322,3,7,1,2,3,1,2,0,0,40,1,1
37,3,257295,2,10,1,5,3,2,2,0,0,75,35,2
19,0,218956,2,10,3,0,2,1,2,0,0,24,5,1
64,1,21174,4,9,1,5,3,1,2,0,0,40,1,2
33,1,185480,1,13,3,6,4,1,1,0,0,45,1,1
33,1,222205,4,9,1,2,1,1,1,0,0,40,1,2
61,1,69867,4,9,1,5,3,1,2,0,0,40,1,2
17,1,191260,8,5,3,3,2,1,2,1055,0,24,1,1
50,2,30653,11,14,1,10,3,1,2,2407,0,98,1,1
27,5,209109,11,14,3,6,2,1,2,0,0,35,1,1
30,1,70377,4,9,2,6,2,1,1,0,0,40,1,1
43,1,477983,4,9,1,7,3,5,2,0,0,40,1,1
44,1,170924,2,10,1,2,3,1,2,7298,0,40,1,2
35,1,190174,2,10,3,5,4,1,1,0,0,40,1,1
25,1,193787,2,10,3,1,2,1,1,0,0,40,1,1
24,1,279472,2,10,1,8,1,1,1,7298,0,48,1,2
22,1,34918,1,13,3,6,4,1,1,0,0,15,6,1
42,5,97688,2,10,1,2,3,1,2,5178,0,40,1,2
34,1,175413,6,12,2,4,6,5,1,0,0,45,1,1
60,1,173960,1,13,2,6,4,1,1,0,0,42,1,1
21,1,205759,4,9,3,7,2,1,2,0,0,40,1,1
57,4,425161,11,14,1,4,3,1,2,15024,0,40,1,2
41,1,220531,5,15,1,6,3,1,2,0,0,60,1,2
50,1,176609,2,10,2,3,4,1,2,0,0,45,1,1
25,1,371987,1,13,3,5,4,1,1,0,0,40,1,1
50,1,193884,9,4,1,2,3,1,2,0,0,40,27,1
36,1,200352,1,13,1,6,3,1,2,0,0,45,1,1
31,1,127595,4,9,2,6,4,1,1,0,0,40,1,1
29,5,220419,1,13,3,13,4,1,2,0,0,56,1,1
21,1,231931,2,10,3,4,2,1,2,0,0,45,1,1
27,1,248402,1,13,3,1,6,5,1,0,0,40,1,1
65,1,111095,4,9,1,11,3,1,2,0,0,16,1,1
37,3,57424,1,13,2,4,4,1,1,0,0,60,1,1
39,0,157443,11,14,1,0,1,2,1,3464,0,40,0,1
24,1,278130,4,9,3,2,2,1,2,0,0,40,1,1
38,1,169469,4,9,2,4,4,1,2,0,0,80,1,1
48,1,146268,1,13,1,9,3,1,2,7688,0,40,1,2
21,1,153718,2,10,3,3,4,2,1,0,0,25,1,1
31,1,217460,4,9,1,11,3,1,2,0,0,45,1,2
55,1,238638,4,9,1,4,3,1,2,4386,0,40,1,2
24,1,303296,2,10,1,9,1,2,1,0,0,40,26,1
43,1,173321,4,9,2,9,4,1,1,0,0,40,1,1
26,1,193945,6,12,3,1,4,1,2,0,0,45,1,1
46,1,83082,6,12,3,6,4,1,1,0,0,33,1,1
35,1,193815,6,12,1,9,3,1,2,0,0,40,1,2
41,3,34987,2,10,1,10,3,1,2,0,0,54,1,2
26,1,59306,1,13,3,4,4,1,2,0,0,40,1,1
34,1,142897,11,14,1,5,3,2,2,7298,0,35,28,2
19,0,860348,2,10,3,0,2,5,1,0,0,25,1,1
36,2,205607,1,13,2,6,4,5,1,0,0,40,1,2
22,1,199698,2,10,3,4,2,1,2,0,0,15,1,1
24,1,191954,2,10,3,8,4,1,2,0,0,40,1,1
77,2,138714,2,10,1,4,3,1,2,0,0,40,1,1
22,1,399087,15,3,1,8,5,1,1,0,0,40,21,1
29,1,423158,2,10,3,1,4,1,1,0,0,40,1,1
62,1,159841,4,9,5,3,4,1,1,0,0,24,1,1
39,2,174308,4,9,1,5,3,1,2,0,0,40,1,1
43,1,50356,2,10,1,2,3,1,2,0,1485,50,1,1
35,1,186110,4,9,2,11,4,1,2,0,0,45,1,1
29,1,200381,3,7,3,5,4,1,1,0,0,40,1,1
76,2,174309,11,14,1,2,3,1,2,0,0,10,1,1
63,2,78383,4,9,1,10,3,1,2,0,0,45,1,1
23,0,211601,7,11,3,0,2,5,1,0,0,15,1,1
43,1,187728,2,10,1,6,1,1,1,0,1887,50,1,2
58,2,321171,4,9,1,7,3,1,2,0,0,40,1,1
66,1,127921,4,9,3,11,4,1,2,2050,0,55,1,1
41,1,206565,2,10,3,2,4,5,2,0,0,45,1,1
26,1,224563,1,13,3,9,4,1,2,0,0,40,1,1
47,1,178686,7,11,3,3,4,1,2,0,0,40,1,1
55,5,98545,13,6,1,9,3,1,2,0,0,40,1,1
53,1,242606,4,9,1,11,3,1,2,0,0,40,1,1
17,1,270942,15,3,3,3,5,1,2,0,0,48,21,1
30,1,94235,4,9,3,2,5,1,2,0,0,40,1,1
49,1,71195,11,14,3,6,4,1,2,0,0,60,1,1
19,1,104112,4,9,3,4,6,5,2,0,0,30,29,1
45,1,261192,4,9,1,3,3,5,2,0,0,40,1,1
26,1,94936,6,12,3,4,4,1,2,0,0,40,1,1
38,1,296478,7,11,1,2,3,1,2,7298,0,40,1,2
36,6,119272,4,9,1,13,3,1,2,7298,0,40,1,2
33,1,85043,4,9,3,10,4,1,2,0,0,20,1,1
22,6,293364,2,10,3,13,2,5,1,0,0,40,1,1
43,2,241895,1,13,3,4,4,1,2,0,0,42,1,1
67,0,36135,3,7,1,0,3,1,2,0,0,8,1,1
30,0,151989,7,11,2,0,6,1,1,0,0,40,1,1
56,1,101128,6,12,6,3,4,1,2,0,0,25,14,1
31,1,156464,1,13,3,6,2,1,2,0,0,25,1,1
33,1,117963,1,13,1,5,3,1,2,0,0,40,1,2
26,1,192262,4,9,1,3,3,1,2,0,0,40,1,1
33,1,111363,1,13,1,5,3,1,2,0,0,40,1,2
46,5,329752,3,7,1,11,3,1,2,0,0,30,1,1
59,0,372020,1,13,1,0,3,1,2,0,0,40,1,2
38,4,95432,4,9,1,9,3,1,2,0,0,40,1,2
65,1,161400,3,7,5,3,6,4,2,0,0,40,1,1
40,1,96129,7,11,1,1,3,1,2,0,0,40,1,2
42,1,111949,4,9,1,9,1,1,1,0,0,35,1,1
26,2,117125,8,5,1,2,3,1,2,0,0,40,22,1
36,1,348022,13,6,1,3,1,1,1,0,0,24,1,1
62,1,270092,11,14,1,6,3,1,2,0,0,40,1,2
43,1,180609,1,13,1,11,3,1,2,0,0,45,1,1
43,1,174575,1,13,2,5,4,1,2,0,1564,45,1,2
22,1,410439,4,9,6,4,4,1,2,0,0,55,1,1
28,1,92262,4,9,1,2,3,1,2,0,0,40,1,1
56,2,183081,2,10,1,4,3,1,2,0,0,45,1,1
22,1,362589,6,12,3,4,4,1,1,0,0,15,1,1
57,1,212448,1,13,2,5,4,1,1,0,0,45,1,2
39,1,481060,4,9,2,4,6,1,1,0,0,40,1,1
26,4,185885,2,10,3,9,6,1,1,0,0,15,1,1
17,1,89821,3,7,3,3,2,1,2,0,0,10,1,1
40,6,184018,7,11,1,8,3,1,2,0,0,38,1,2
45,1,256649,4,9,1,8,3,5,2,0,0,40,1,1
44,1,160323,4,9,3,2,4,5,2,0,0,40,1,1
20,5,350845,2,10,3,9,2,1,1,0,0,10,1,1
33,1,267404,4,9,1,2,1,1,1,0,0,40,1,1
23,1,35633,2,10,3,4,4,1,2,0,0,40,1,1
46,2,80914,11,14,2,5,4,1,2,0,0,30,1,1
38,1,172927,4,9,1,4,3,1,2,0,0,50,1,1
54,1,174319,4,9,2,11,4,1,2,0,0,40,1,1
46,1,214955,15,3,2,2,4,1,1,0,2339,45,1,1
25,1,344991,2,10,1,2,3,1,2,0,0,40,1,1
46,1,108699,2,10,2,4,4,1,1,0,0,40,1,1
36,5,117312,2,10,1,11,1,1,1,0,0,40,1,1
23,1,396099,4,9,3,3,4,1,1,0,0,25,1,1
29,1,134152,4,9,4,8,4,1,2,0,0,40,1,1
44,1,162028,2,10,1,9,1,1,1,0,2415,6,1,2
19,1,25429,2,10,3,9,2,1,1,0,0,16,1,1
19,1,232392,4,9,3,3,5,1,1,0,0,40,1,1
35,1,220098,4,9,1,3,1,1,1,0,0,40,1,2
27,1,301302,1,13,3,2,4,1,2,0,0,50,1,1
46,2,277946,6,12,4,2,4,1,2,0,0,40,1,1
34,6,98101,1,13,1,5,3,1,2,7688,0,45,0,2
34,1,196164,4,9,3,3,4,1,1,0,0,35,1,1
44,1,115562,2,10,1,1,3,1,2,0,0,40,1,1
45,1,96975,2,10,2,7,6,1,1,0,0,40,1,1
20,0,137300,4,9,3,0,5,1,1,0,0,35,1,1
25,1,86872,1,13,1,5,3,1,2,0,0,55,1,2
52,3,132178,1,13,1,5,3,1,2,0,0,50,1,2
20,1,416103,2,10,3,7,2,1,2,0,0,40,1,1
28,1,108574,2,10,3,3,4,1,1,0,0,40,1,1
50,6,288353,1,13,1,13,3,1,2,0,0,40,1,2
34,1,227689,7,11,2,1,4,1,1,0,0,64,1,1
28,1,166481,9,4,1,7,3,4,2,0,2179,40,4,1
41,1,445382,11,14,1,5,3,1,2,0,1977,65,1,2
28,1,110145,4,9,1,9,3,1,2,0,0,40,1,1
46,2,317253,4,9,1,2,3,1,2,0,0,25,1,1
28,0,123147,2,10,1,0,1,1,1,0,1887,40,1,2
32,1,364657,2,10,1,5,3,1,2,0,0,50,1,1
41,5,42346,2,10,2,3,4,5,1,0,0,24,1,1
24,1,241951,4,9,3,7,6,5,1,0,0,40,1,1
33,1,118500,2,10,2,5,6,1,1,0,0,40,1,1
46,1,188386,14,16,1,5,3,1,2,15024,0,60,1,2
31,6,1033222,2,10,1,8,3,1,2,0,0,40,1,1
35,1,92440,10,8,2,2,4,1,2,0,0,50,1,2
52,1,190762,12,2,1,8,3,1,2,0,0,40,21,1
30,1,426017,3,7,3,3,2,1,1,0,0,19,1,1
34,5,243867,3,7,4,8,4,5,2,0,0,40,1,1
34,6,240283,4,9,2,11,6,1,1,0,0,40,1,1
20,1,61777,2,10,1,4,3,1,2,0,0,30,1,1
17,1,175024,3,7,3,7,2,1,2,2176,0,18,1,1
32,6,92003,1,13,1,5,1,1,1,0,0,40,1,2
29,1,188401,4,9,2,10,4,1,2,0,0,40,1,1
33,1,228528,13,6,3,2,6,1,1,0,0,35,1,1
25,1,133373,4,9,1,11,3,1,2,0,0,60,1,1
36,4,255191,11,14,3,6,4,1,2,0,1408,40,1,1
23,1,204653,4,9,3,7,4,1,2,0,0,72,25,1
63,3,222289,4,9,1,5,3,1,2,0,0,40,1,2
47,5,287480,11,14,1,6,3,1,2,0,0,40,1,1
80,0,107762,4,9,5,0,4,1,2,0,0,24,1,1
17,0,202521,3,7,3,0,2,1,2,0,0,40,1,1
40,2,204116,1,13,6,6,4,1,1,2174,0,40,1,1
30,1,29662,6,12,1,3,1,1,1,0,0,25,1,2
27,1,116358,2,10,3,2,2,2,2,0,1980,40,16,1
33,1,208405,11,14,1,6,3,1,2,0,0,50,1,2
34,5,284843,4,9,3,10,4,5,2,594,0,60,1,1
34,5,117018,2,10,3,13,4,1,1,0,0,40,1,1
23,1,81281,2,10,1,9,3,1,2,0,0,40,1,1
42,5,340148,2,10,1,9,1,1,1,0,0,40,1,1
29,1,363425,1,13,3,6,4,1,2,0,0,40,1,1
45,1,45857,4,9,2,9,4,1,1,0,0,28,1,1
24,4,191073,4,9,3,14,2,1,2,0,0,40,1,1
44,1,116632,2,10,1,6,3,1,2,0,0,40,1,2
27,1,405855,8,5,3,2,5,1,2,0,0,40,21,1
20,1,298227,2,10,3,4,4,1,2,0,0,35,1,1
44,1,290521,4,9,5,5,6,5,1,0,0,40,1,1
51,1,56915,4,9,1,2,3,3,2,0,0,40,1,1
20,1,146538,4,9,1,8,3,1,2,0,0,40,1,1
17,0,258872,3,7,3,0,2,1,1,0,0,5,1,1
19,1,206399,4,9,3,8,2,5,1,0,0,40,1,1
45,3,197332,2,10,1,2,3,1,2,0,0,55,1,2
60,1,245062,4,9,1,2,3,1,2,0,0,40,1,2
42,1,197583,6,12,1,5,3,5,2,0,0,40,0,2
44,2,234885,4,9,1,4,1,1,1,0,0,40,1,2
40,1,72887,7,11,1,8,3,2,2,0,0,40,1,2
30,1,180374,4,9,1,5,1,1,1,0,0,40,1,1
38,1,351299,2,10,1,11,3,5,2,0,0,50,1,1
23,1,54012,4,9,1,11,3,1,2,0,0,60,1,1
32,0,115745,2,10,1,0,3,1,2,0,0,40,1,1
44,1,116632,6,12,3,10,2,1,2,0,0,40,1,1
54,5,288825,4,9,1,11,3,5,2,0,0,40,1,1
32,1,132601,1,13,1,6,3,1,2,0,0,50,1,1
50,1,193374,12,2,6,2,6,1,2,0,0,40,1,1
24,1,170070,1,13,3,1,4,1,1,0,0,20,1,1
37,1,126708,4,9,1,9,1,1,1,0,0,60,1,1
52,1,35598,4,9,2,11,6,1,2,0,0,40,1,1
38,1,33983,2,10,1,11,3,1,2,0,0,40,1,1
49,1,192776,11,14,1,5,3,1,2,0,1977,45,1,2
30,1,118551,1,13,1,1,1,1,1,0,0,16,1,2
60,1,201965,2,10,3,6,6,1,2,0,0,40,1,2
22,0,139883,2,10,3,0,2,1,2,0,0,40,1,1
35,1,285020,4,9,3,2,4,1,2,0,0,40,1,1
30,1,303990,4,9,3,11,4,1,2,0,0,60,1,1
67,1,49401,7,11,2,3,4,1,1,0,0,24,1,1
46,1,279196,1,13,3,2,4,1,1,0,0,40,1,1
17,1,211870,8,5,3,3,4,1,2,0,0,6,1,1
22,1,281432,2,10,3,7,2,1,2,0,0,30,1,1
27,1,161155,13,6,3,3,4,1,2,0,0,40,1,1
23,1,197904,4,9,3,3,6,1,1,0,0,35,1,1
33,1,111746,6,12,1,2,3,1,2,0,0,45,22,1
43,2,170721,2,10,1,2,3,1,2,0,0,20,1,1
28,6,70100,1,13,3,6,4,1,2,0,0,20,1,1
41,1,193626,4,9,6,2,6,1,1,0,0,40,1,1
52,0,271749,10,8,3,0,5,5,2,594,0,40,1,1
25,1,189775,2,10,6,9,2,5,1,0,0,20,1,1
63,0,401531,12,2,1,0,3,1,2,0,0,35,1,1
59,5,286967,4,9,1,11,3,1,2,0,0,45,1,1
45,5,164427,1,13,2,6,6,1,1,0,0,40,1,1
38,1,91039,1,13,1,4,3,1,2,15024,0,60,1,2
40,1,347934,4,9,3,3,4,1,1,0,0,35,1,1
46,4,371373,4,9,2,9,4,1,2,0,0,40,1,1
35,1,32220,6,12,3,5,4,1,1,0,0,60,1,1
34,1,187251,4,9,2,6,6,1,1,0,0,25,1,1
33,1,178107,1,13,3,2,2,1,2,0,0,20,1,1
41,1,343121,4,9,2,9,6,1,1,0,0,36,1,1
20,1,262749,2,10,3,8,2,1,2,0,0,40,1,1
23,1,403107,15,3,3,3,2,1,2,0,0,40,37,1
26,1,64293,2,10,3,6,4,1,1,0,0,35,1,1
72,0,303588,4,9,1,0,3,1,2,0,0,20,1,1
23,5,324960,4,9,3,10,4,1,2,0,0,40,18,1
62,5,114060,4,9,1,11,3,1,2,0,0,40,1,1
52,1,48925,2,10,1,9,3,1,2,0,0,40,1,1
58,1,180980,2,10,2,3,6,1,1,0,0,42,24,1
25,1,181054,1,13,3,4,4,1,1,0,0,40,1,1
24,1,388093,1,13,3,5,4,5,2,0,0,40,1,1
19,1,249609,2,10,3,13,2,1,2,0,0,8,1,1
43,1,112131,2,10,1,5,3,1,2,0,0,40,1,1
47,5,543162,4,9,4,9,6,5,1,0,0,40,1,1
39,1,91996,4,9,2,3,6,1,1,0,0,40,1,1
49,1,141944,7,11,6,7,6,1,2,0,1380,42,1,1
53,0,251804,15,3,5,0,6,5,1,0,0,30,1,1
32,1,37070,7,11,3,2,4,1,2,0,0,45,1,1
34,1,337587,2,10,1,6,3,1,2,0,0,50,1,2
28,1,189346,4,9,2,2,4,1,2,0,0,45,1,1
57,0,222216,7,11,5,0,6,1,1,0,0,38,1,1
25,1,267044,2,10,3,9,4,3,1,0,0,20,1,1
20,0,214635,2,10,3,0,2,1,2,0,0,24,1,1
21,0,204226,2,10,3,0,6,1,1,0,0,35,1,1
34,1,108116,1,13,1,6,3,1,2,0,0,50,1,2
38,3,99146,1,13,1,5,3,1,2,15024,0,80,1,2
50,1,196232,4,9,1,5,3,1,2,7688,0,50,1,2
24,5,248344,2,10,2,7,4,5,2,0,0,50,1,1
37,5,186035,2,10,1,1,3,1,2,0,0,45,1,2
44,1,177905,2,10,2,8,6,1,2,0,0,58,1,2
28,1,85812,2,10,1,4,1,1,1,0,0,40,1,1
42,1,221172,1,13,1,5,3,1,2,0,0,40,1,2
74,1,99183,2,10,2,9,4,1,1,0,0,9,1,1
38,2,190387,4,9,1,2,3,1,2,0,0,50,1,1
44,2,202692,11,14,1,6,3,1,2,0,0,40,1,1
44,1,109339,3,7,2,8,6,4,1,0,0,46,4,1
26,1,108658,4,9,3,8,4,1,2,0,0,40,1,1
36,1,197202,4,9,1,3,3,5,2,0,0,40,1,1
41,1,101739,6,12,1,5,1,1,1,0,0,50,1,2
67,1,231559,5,15,1,6,3,1,2,20051,0,48,1,2
39,5,207853,10,8,1,1,3,1,2,0,0,50,1,1
57,1,190942,12,2,5,12,4,5,1,0,0,30,1,1
29,1,102345,7,11,4,2,4,1,2,0,0,40,1,1
31,3,41493,1,13,3,10,4,1,1,0,0,45,1,1
34,0,190027,4,9,3,0,6,5,1,0,0,40,1,1
44,1,210525,2,10,1,11,3,1,2,0,0,40,1,1
29,1,133937,14,16,3,6,2,1,2,0,0,40,1,1
30,1,237903,2,10,3,7,6,1,1,0,0,40,1,1
27,1,163862,4,9,3,11,4,1,2,0,0,40,1,1
27,1,201872,2,10,1,4,3,1,2,0,0,50,1,1
32,1,84179,4,9,3,7,4,1,1,0,0,45,1,1
58,1,51662,13,6,1,3,1,1,1,0,0,8,1,1
35,5,233327,2,10,1,13,3,1,2,0,0,40,1,1
21,1,259510,4,9,3,7,2,1,2,0,0,36,1,1
28,1,184831,2,10,3,2,6,1,2,0,0,40,1,1
46,2,245724,2,10,2,5,4,1,2,0,0,50,1,1
36,2,27053,4,9,4,3,6,1,1,0,0,40,1,1
72,1,205343,3,7,5,9,6,1,1,0,0,40,1,1
35,1,229328,4,9,1,8,1,5,1,0,0,40,1,1
33,4,319560,7,11,2,2,6,5,1,0,0,40,1,2
69,1,136218,3,7,3,8,4,1,1,0,0,40,1,1
35,1,54576,4,9,1,8,3,1,2,0,0,40,1,1
31,1,323069,4,9,4,9,6,1,1,0,0,20,0,1
34,1,148291,4,9,1,1,1,1,1,0,0,32,1,1
30,1,152453,3,7,1,3,3,1,2,0,0,40,21,1
28,1,114053,1,13,3,11,4,1,2,0,0,55,1,1
54,1,212960,1,13,1,4,3,1,2,0,0,35,1,2
47,1,264052,2,10,1,6,3,1,2,0,0,50,1,2
24,1,82804,4,9,3,7,6,5,1,0,0,40,1,1
52,2,334273,1,13,1,6,3,1,2,0,0,60,1,2
20,1,27337,4,9,3,7,2,3,2,0,0,48,1,1
43,3,188436,11,14,1,5,3,1,2,5013,0,45,1,1
45,1,433665,9,4,4,3,6,1,1,0,0,40,21,1
29,2,110663,4,9,4,2,4,1,2,0,0,35,1,1
47,1,87490,11,14,2,5,6,1,2,0,0,42,1,1
24,1,354351,4,9,3,2,2,1,2,0,0,40,1,1
51,1,95469,4,9,1,6,3,1,2,0,0,40,1,1
17,1,242718,3,7,3,4,2,1,2,0,0,12,1,1
37,1,22463,7,11,1,2,3,1,2,0,1977,40,1,2
27,1,158156,14,16,3,6,4,1,1,0,0,70,1,1
29,1,350162,1,13,1,5,1,1,2,0,0,40,1,2
18,0,165532,10,8,3,0,2,1,2,0,0,25,1,1
36,2,28738,6,12,2,4,6,1,1,0,0,35,1,1
58,5,283635,1,13,3,6,4,1,1,0,0,40,1,1
26,2,86646,2,10,1,2,3,1,2,0,0,45,1,1
65,0,195733,2,10,1,0,3,1,2,0,0,30,1,2
57,1,69884,4,9,1,4,3,1,2,0,0,40,1,2
59,1,199713,4,9,1,2,3,1,2,0,0,40,1,1
27,1,181659,4,9,1,8,3,1,2,0,0,40,1,1
31,2,340939,1,13,3,1,4,1,2,0,0,40,1,1
21,1,197747,2,10,3,4,2,1,1,0,0,24,1,1
29,1,34292,2,10,3,9,4,1,2,0,0,60,1,1
18,1,156764,3,7,3,3,2,1,2,0,0,40,1,1
52,1,25826,13,6,1,2,3,1,2,0,1887,47,1,2
57,3,103948,1,13,2,6,4,1,2,0,0,80,1,1
42,0,137390,4,9,1,0,3,1,2,0,0,40,1,1
55,0,105138,4,9,1,0,1,2,1,0,0,40,1,1
60,1,39352,9,4,3,11,4,1,2,0,0,48,1,2
31,1,168387,1,13,1,6,3,1,2,7688,0,40,5,2
23,1,117789,1,13,3,9,2,1,1,0,0,40,1,1
27,1,267147,4,9,3,4,2,1,2,0,0,40,1,1
23,0,99399,2,10,3,0,6,3,1,0,0,25,1,1
42,2,214242,5,15,1,6,3,1,2,0,1902,50,1,2
25,1,200408,2,10,3,1,4,1,2,2174,0,40,1,1
49,1,136455,1,13,3,6,4,1,1,0,0,45,1,1
32,1,239824,1,13,3,1,4,1,2,0,0,40,1,1
19,1,217039,2,10,3,9,2,1,2,0,0,28,1,1
60,1,51290,9,4,2,3,4,1,1,0,0,40,1,1
42,5,175674,8,5,1,3,3,1,2,0,0,40,1,1
35,2,194404,6,12,3,10,4,1,2,0,0,40,1,1
48,1,45612,4,9,3,9,6,5,1,0,0,37,1,1
51,1,410114,11,14,1,2,3,1,2,0,0,40,1,2
29,1,182521,4,9,3,2,4,3,2,0,0,40,1,1
36,5,339772,4,9,4,5,4,5,2,0,0,40,1,1
17,1,169658,13,6,3,3,2,1,1,0,0,21,1,1
52,1,200853,11,14,2,6,4,1,1,6849,0,60,1,1
24,1,247564,4,9,3,2,4,1,2,0,0,40,1,1
24,1,249909,4,9,1,7,3,1,2,0,0,50,1,1
26,5,208122,1,13,3,6,2,1,2,1055,0,40,1,1
27,1,109881,1,13,3,3,2,1,1,0,0,20,1,1
39,1,207824,4,9,3,7,2,1,2,0,0,60,1,1
30,1,369027,4,9,1,11,3,5,2,0,0,45,1,1
50,2,114117,4,9,1,5,3,1,2,0,0,32,1,1
52,3,51048,1,13,1,4,3,1,2,0,0,55,1,1
46,1,102388,5,15,1,6,3,1,2,15024,0,45,1,2
23,1,190483,1,13,3,4,2,1,1,0,0,20,1,1
45,1,462440,3,7,5,3,4,5,1,0,0,20,1,1
65,1,109351,8,5,5,12,6,5,1,0,0,24,1,1
29,1,34383,7,11,1,11,3,1,2,0,0,55,1,1
47,1,241832,8,5,6,7,6,1,2,0,0,40,37,1
30,1,124187,4,9,3,10,2,5,2,0,0,60,1,1
34,1,153614,4,9,1,4,3,1,2,0,0,45,1,2
38,2,267556,4,9,1,4,3,1,2,0,0,64,1,1
33,1,205469,2,10,1,5,3,1,2,0,0,40,1,2
49,1,268090,1,13,1,4,3,1,2,0,0,26,1,2
47,2,165039,2,10,3,3,6,5,1,0,0,40,1,1
49,5,120451,13,6,4,3,6,5,1,0,0,40,1,1
43,1,154374,2,10,1,2,3,1,2,15024,0,60,1,2
30,1,103649,1,13,1,9,1,5,1,0,0,40,1,2
58,2,35723,4,9,1,2,3,1,2,0,0,60,1,1
19,1,262601,4,9,3,3,2,1,1,0,0,14,1,1
21,1,226181,1,13,3,7,4,1,2,0,0,40,1,1
33,1,175697,1,13,1,5,3,1,2,15024,0,60,1,2
47,3,248145,15,3,1,11,3,1,2,0,0,50,13,1
52,2,289436,14,16,1,6,3,1,2,0,0,60,1,2
26,1,75654,4,9,2,2,4,1,2,0,0,55,1,1
60,1,199378,4,9,1,2,3,1,2,0,0,40,1,1
21,1,160968,2,10,3,7,2,1,2,0,0,40,1,1
36,1,188563,2,10,1,4,3,1,2,5178,0,50,1,2
31,1,55849,2,10,1,2,3,1,2,0,0,45,1,1
50,3,195322,14,16,4,6,4,1,2,0,0,40,1,2
31,5,402089,4,9,2,9,6,1,1,0,0,40,1,1
71,1,78277,4,9,1,2,3,1,2,0,0,15,1,1
58,0,158611,4,9,1,0,3,1,2,0,0,50,1,1
30,6,169496,1,13,1,1,3,1,2,0,0,40,1,2
20,1,130959,2,10,3,3,2,1,2,0,0,20,1,1
24,1,556660,4,9,3,5,5,1,2,4101,0,50,1,1
35,1,292472,14,16,1,6,3,2,2,0,0,40,28,2
38,6,143774,2,10,4,5,4,1,1,0,0,45,1,1
27,1,288341,4,9,3,8,2,1,1,0,0,32,1,1
29,6,71592,2,10,3,9,6,2,1,0,0,40,16,1
70,0,167358,8,5,5,0,6,1,1,1111,0,15,1,1
34,1,106742,4,9,1,2,3,1,2,0,0,45,1,1
44,1,219288,9,4,1,2,3,1,2,0,0,35,1,1
43,1,174524,4,9,1,8,3,1,2,0,0,40,1,2
44,2,335183,10,8,1,7,3,5,2,0,0,40,1,2
35,1,261293,11,14,3,4,4,1,2,0,0,60,1,1
27,1,111900,2,10,3,6,4,1,2,0,0,40,1,1
43,5,194360,11,14,3,6,4,1,2,0,0,38,1,1
20,1,81145,2,10,3,4,4,1,1,0,0,25,1,1
42,1,341204,6,12,2,6,6,1,1,8614,0,40,1,2
27,6,249362,2,10,1,11,3,1,2,3411,0,40,1,1
42,1,247019,4,9,1,2,3,5,2,0,0,40,1,2
20,0,114746,3,7,6,0,2,2,1,0,1762,40,11,1
24,1,172146,8,5,3,8,4,1,2,0,1721,40,1,1
48,4,110457,2,10,2,5,4,1,2,0,0,40,1,1
17,0,80077,3,7,3,0,2,1,1,0,0,20,1,1
17,2,368700,3,7,3,10,2,1,2,0,0,10,1,1
33,1,182556,1,13,1,5,3,1,2,0,0,40,1,2
50,3,219420,4,9,1,4,3,1,2,0,0,50,1,2
22,1,240817,4,9,3,4,2,1,1,2597,0,40,1,1
17,1,102726,10,8,3,3,2,1,2,0,0,16,1,1
32,1,226267,2,10,1,9,3,1,2,0,0,40,21,1
31,1,125457,4,9,3,2,4,1,2,0,0,45,1,1
58,2,204021,4,9,5,5,4,1,2,0,0,50,1,1
29,5,92262,4,9,3,13,2,1,2,0,0,48,1,1
37,1,161141,7,11,1,2,3,1,2,0,0,40,22,2
34,2,190290,4,9,1,2,3,1,2,0,0,40,1,2
23,5,430828,2,10,4,5,6,5,2,0,0,40,1,1
18,6,59342,3,7,3,9,2,1,1,0,0,5,1,1
34,1,136721,4,9,2,5,4,1,1,0,0,40,1,1
66,0,149422,9,4,3,0,4,1,2,0,0,4,1,1
45,5,86644,1,13,1,6,1,1,1,0,0,55,1,1
41,1,195124,11,14,3,5,4,1,2,0,0,35,25,1
26,1,167350,4,9,3,3,5,1,2,0,0,30,1,1
54,5,113000,2,10,1,10,3,1,2,0,0,40,1,1
24,1,140027,2,10,3,8,2,5,1,0,0,45,1,1
42,1,262425,2,10,1,6,3,1,2,0,0,50,1,1
20,1,316702,2,10,3,6,2,1,2,0,0,20,1,1
23,6,335453,1,13,3,1,4,1,1,0,0,20,1,1
25,0,202480,6,12,3,0,5,1,2,0,0,45,1,1
35,1,203628,11,14,3,6,4,1,2,0,0,60,1,2
31,1,118710,11,14,1,1,3,1,2,0,1902,40,1,2
30,1,189620,1,13,3,6,2,1,1,0,0,40,18,1
19,1,475028,4,9,3,4,2,1,1,0,0,20,1,1
36,5,110866,1,13,3,6,4,1,2,0,0,50,1,1
31,1,243605,1,13,5,4,6,1,1,0,1380,40,13,1
21,1,163870,2,10,3,7,2,1,2,0,0,30,1,1
31,2,80145,2,10,1,2,3,1,2,0,0,40,1,1
46,1,295566,14,16,2,6,6,1,1,25236,0,65,1,2
44,1,63042,1,13,2,5,2,1,1,0,0,50,1,2
40,1,229148,10,8,1,3,3,5,2,0,0,40,19,1
45,1,242552,2,10,3,4,4,5,2,0,0,40,1,1
60,1,177665,4,9,1,2,3,1,2,0,0,35,1,1
18,1,208103,3,7,3,3,5,1,2,0,0,25,1,1
28,1,296450,1,13,1,6,3,1,2,0,0,40,1,1
36,1,70282,2,10,2,9,6,5,1,0,0,40,1,1
36,1,271767,1,13,4,6,4,1,2,0,0,40,0,1
40,1,144995,7,11,1,1,3,1,2,4386,0,40,1,1
36,5,382635,1,13,2,9,6,1,1,0,0,35,15,1
31,1,295697,4,9,4,3,6,5,1,0,0,40,1,1
33,1,194141,4,9,1,8,3,1,2,0,0,40,1,1
19,6,378418,4,9,3,1,2,1,1,0,0,40,1,1
22,1,214399,2,10,3,4,2,1,1,0,0,15,1,1
34,1,217460,1,13,1,5,3,1,2,0,0,45,1,2
33,1,182556,4,9,3,3,4,1,2,0,0,40,1,1
41,1,125831,4,9,1,2,3,1,2,0,2051,60,1,1
29,1,271328,1,13,3,6,4,1,2,4650,0,40,1,1
50,5,50459,4,9,1,5,3,1,2,0,0,42,1,2
42,1,162140,1,13,1,5,3,1,2,7298,0,45,1,2
43,1,177937,1,13,3,6,4,1,2,0,0,40,0,2
44,1,111502,4,9,1,4,1,1,1,0,0,40,1,1
20,1,299047,2,10,3,3,4,1,1,0,0,20,1,1
31,1,223212,4,9,1,3,3,1,2,0,0,40,21,1
65,2,118474,3,7,1,5,3,1,2,9386,0,59,0,2
23,1,352139,2,10,3,3,4,1,1,0,0,24,1,1
55,1,173093,2,10,2,9,4,2,1,0,0,40,1,1
26,1,181655,7,11,1,9,3,1,2,0,2377,45,1,1
25,1,332702,7,11,3,3,2,1,1,0,0,15,1,1
45,0,51164,2,10,1,0,1,5,1,0,0,40,1,1
35,1,234901,2,10,1,2,3,1,2,2407,0,40,1,1
36,1,131414,2,10,3,4,4,5,1,0,0,36,1,1
43,6,260960,1,13,1,6,3,1,2,0,0,50,1,1
56,1,156052,4,9,5,3,6,5,1,594,0,20,1,1
42,1,279914,1,13,1,1,3,1,2,0,0,40,1,2
19,1,192453,2,10,3,3,5,1,1,0,0,25,1,1
55,2,200939,4,9,1,11,3,1,2,0,0,72,1,1
42,1,151408,11,14,3,5,4,1,1,14084,0,50,1,2
26,1,112847,7,11,3,1,2,1,2,0,0,40,1,1
17,1,316929,10,8,3,7,2,1,2,0,0,20,1,1
42,5,126319,1,13,1,6,1,1,1,0,0,40,1,2
55,1,197422,4,9,1,11,3,1,2,7688,0,40,1,2
32,1,267736,2,10,3,9,2,5,1,0,0,40,1,1
29,1,267034,3,7,3,2,2,5,2,0,0,40,29,1
46,6,193047,1,13,1,6,3,1,2,0,0,37,1,1
29,6,356089,1,13,1,5,3,1,2,7688,0,40,1,2
22,1,223515,1,13,3,6,6,1,2,0,0,20,1,1
58,2,87510,13,6,1,2,3,1,2,0,0,40,1,1
23,1,145111,4,9,3,11,6,1,2,0,0,50,1,1
39,1,48093,4,9,3,7,4,1,2,0,0,40,1,1
27,1,31757,7,11,3,2,2,1,2,0,0,38,1,1
54,1,285854,4,9,1,11,3,1,2,0,0,40,1,2
33,5,120064,1,13,3,6,4,1,1,0,0,45,1,1
46,4,167381,4,9,1,9,1,1,1,0,0,40,1,2
37,1,103408,4,9,3,10,4,5,2,0,0,40,1,1
36,1,101460,4,9,3,3,4,1,1,0,0,18,1,1
59,5,420537,4,9,1,9,1,1,1,0,0,38,1,2
34,5,119411,4,9,2,13,6,1,2,0,0,40,22,1
53,3,128272,14,16,1,5,3,1,2,0,0,70,1,2
51,1,386773,1,13,3,4,4,1,2,0,0,55,1,2
32,1,283268,13,6,4,3,6,1,1,0,0,42,1,1
31,6,301526,2,10,6,3,5,1,2,0,0,40,1,1
22,1,151790,2,10,1,4,1,1,1,0,0,30,6,1
47,2,106252,1,13,2,4,4,1,1,0,0,50,1,1
32,1,188557,4,9,3,8,4,1,2,0,0,40,1,1
26,1,171114,2,10,3,10,4,1,1,0,0,38,1,1
37,1,327323,15,3,4,10,4,1,2,0,0,32,32,1
31,1,244147,4,9,2,2,6,1,2,0,0,55,1,1
37,1,280282,7,11,1,1,1,1,1,0,0,24,1,2
55,1,116442,4,9,3,4,4,1,2,0,0,38,1,1
23,5,282579,7,11,2,1,4,1,2,0,0,56,1,1
36,1,51838,2,10,2,9,6,1,1,0,0,40,1,1
34,1,73585,11,14,1,6,3,1,2,0,0,40,0,1
43,1,226902,1,13,1,4,3,1,2,0,0,50,1,2
54,1,279129,2,10,3,1,4,1,2,0,0,40,1,1
43,6,146908,2,10,1,2,3,1,2,0,0,40,0,1
28,1,196690,7,11,3,8,4,1,1,0,1669,42,1,1
40,1,130760,7,11,1,5,3,1,2,0,0,50,1,2
41,2,49572,2,10,1,5,3,1,2,0,0,60,1,1
40,1,237601,1,13,3,4,4,4,1,0,0,55,1,2
42,1,169628,2,10,2,9,4,5,1,0,0,38,1,1
61,2,36671,4,9,1,10,3,1,2,0,2352,50,1,1
18,1,231193,10,8,3,8,2,1,2,0,0,30,1,1
59,0,192130,4,9,1,0,3,1,2,0,0,16,1,1
21,0,149704,4,9,3,0,4,1,1,1055,0,40,1,1
48,1,102102,7,11,1,1,3,1,2,0,0,50,1,2
41,3,32185,1,13,1,1,3,1,2,0,0,40,1,1
18,0,196061,2,10,3,0,2,1,2,0,0,33,1,1
23,1,211046,4,9,3,4,4,1,1,2463,0,40,1,1
60,1,31577,4,9,1,11,3,1,2,0,0,60,1,2
22,1,162343,2,10,3,3,5,5,2,0,0,20,1,1
61,1,128831,4,9,1,8,3,1,2,0,0,40,1,1
25,1,316688,4,9,3,8,4,5,2,0,0,40,1,1
46,1,90758,11,14,3,1,4,1,2,0,0,35,1,2
43,1,274363,1,13,1,5,3,1,2,0,1902,40,3,2
43,1,154538,6,12,2,2,4,1,2,0,0,40,1,1
24,1,106085,4,9,3,3,2,5,2,0,1721,30,1,1
68,2,315859,3,7,3,10,6,1,2,0,0,20,1,1
31,1,51471,4,9,2,9,6,1,1,0,0,38,1,1
17,1,193830,3,7,3,4,2,1,1,0,0,20,1,1
32,1,231043,4,9,1,2,3,1,2,5178,0,48,1,2
50,0,23780,11,14,6,0,5,1,2,0,0,40,1,1
33,1,169879,1,13,1,6,3,1,2,3103,0,47,1,2
64,1,270333,1,13,1,6,3,1,2,0,0,40,1,2
20,1,138768,4,9,3,11,2,1,2,0,0,30,1,1
30,1,191571,4,9,4,3,2,1,1,0,0,36,1,1
22,0,219941,2,10,3,0,2,5,2,0,0,40,1,1
43,1,94113,2,10,2,5,4,1,2,0,0,45,1,1
22,1,137510,2,10,3,9,2,1,2,0,0,40,1,1
17,1,32607,13,6,3,10,2,1,2,0,0,20,1,1
47,2,93208,4,9,1,3,1,1,1,0,0,75,17,1
41,1,254440,7,11,3,6,4,1,1,0,0,60,1,1
56,1,186556,2,10,1,2,3,1,2,0,0,50,1,2
64,1,169871,4,9,1,11,3,1,2,0,0,45,1,1
47,1,191277,4,9,1,11,3,1,2,0,0,50,1,2
48,1,167159,7,11,3,9,6,1,2,0,0,40,1,1
31,1,171871,11,14,3,6,4,1,1,0,0,46,1,1
29,1,154411,7,11,3,1,2,1,2,0,0,40,1,1
30,1,129227,4,9,5,9,4,1,1,0,0,40,1,1
32,1,110331,4,9,1,5,3,1,2,0,1672,60,1,1
57,1,34269,4,9,5,11,6,1,2,0,653,42,1,2
62,1,174355,4,9,5,3,4,1,1,0,0,40,1,1
39,1,680390,4,9,4,8,6,1,1,0,0,24,1,1
43,1,233130,2,10,3,9,4,1,2,0,0,25,1,1
24,3,165474,1,13,3,4,2,1,2,0,0,40,1,1
42,0,257780,3,7,1,0,3,1,2,0,0,15,1,1
53,1,194259,2,10,1,9,1,1,1,4386,0,40,1,2
26,1,280093,2,10,3,7,2,1,2,0,0,40,1,1
73,2,177387,4,9,1,5,3,1,2,0,0,40,1,1
72,0,28929,3,7,5,0,4,1,1,0,0,24,1,1
55,1,105304,4,9,1,8,3,1,2,0,0,40,1,1
25,1,499233,4,9,2,9,4,1,2,0,0,40,1,1
41,1,180572,1,13,2,6,4,1,1,0,0,50,1,2
24,1,321435,1,13,3,5,4,1,2,0,0,50,1,1
63,1,86108,4,9,5,10,4,1,2,0,0,6,1,1
17,1,198124,3,7,3,4,2,1,2,0,0,20,1,1
35,1,135162,2,10,1,2,3,1,2,0,0,50,1,1
51,1,146813,2,10,1,6,3,1,2,0,0,40,1,2
62,5,291175,1,13,5,6,4,1,1,0,0,48,1,1
55,1,387569,4,9,1,2,3,1,2,4386,0,40,1,2
43,1,102895,2,10,2,6,4,1,2,0,0,40,1,1
40,5,33274,4,9,2,3,4,1,1,0,0,50,1,1
37,1,86551,1,13,1,5,3,1,2,0,0,45,1,2
39,1,138192,1,13,1,2,3,1,2,0,0,40,1,1
31,1,118966,4,9,3,2,2,1,2,0,0,18,1,1
61,1,99784,11,14,5,6,4,1,1,0,0,40,1,2
26,1,90980,7,11,2,9,4,1,1,0,0,55,1,1
46,2,177407,4,9,1,4,3,1,2,0,0,50,1,1
26,1,96467,1,13,3,6,4,1,1,0,0,40,1,1
48,6,327886,14,16,2,6,2,1,2,0,0,50,1,2
34,1,111567,4,9,3,11,2,1,2,0,0,40,1,1
34,5,166545,4,9,3,9,2,1,1,0,0,40,1,1
59,1,142182,4,9,1,3,3,1,2,0,0,40,1,2
34,1,188798,1,13,3,6,2,1,1,0,0,40,1,1
49,1,38563,1,13,3,5,4,1,1,0,0,56,1,2
18,1,216284,3,7,3,9,2,1,1,0,0,20,1,1
43,1,191547,4,9,1,10,3,1,2,0,0,40,21,1
48,1,285335,3,7,1,5,3,1,2,0,0,50,1,1
28,3,142712,2,10,1,5,3,1,2,0,0,70,1,1
33,1,80945,4,9,1,8,3,1,2,0,0,40,1,1
24,1,309055,2,10,3,4,4,1,1,0,0,15,1,1
21,1,62339,13,6,3,7,4,1,2,0,0,40,1,1
17,1,368700,3,7,3,4,2,1,2,0,0,28,1,1
39,1,176186,2,10,1,10,3,1,2,0,0,50,1,2
29,2,266855,1,13,4,6,2,1,2,0,0,40,1,1
44,1,48087,1,13,1,5,3,1,2,0,0,40,1,2
24,1,121313,2,10,3,11,2,1,2,0,0,50,1,1
71,2,143437,11,14,1,4,3,1,2,10605,0,40,1,2
51,2,160724,1,13,1,4,3,2,2,0,2415,40,12,2
55,1,282753,15,3,2,3,6,5,2,0,0,25,1,1
41,1,194636,1,13,1,5,3,1,2,0,0,60,1,2
23,1,153044,4,9,3,7,6,5,1,0,0,7,1,1
38,1,411797,7,11,2,9,6,1,1,0,0,40,1,1
39,1,117683,4,9,1,11,3,1,2,0,0,40,1,2
19,1,376540,4,9,3,9,4,1,1,0,0,30,1,1
49,1,72393,8,5,2,8,4,1,1,0,0,40,1,1
32,1,270335,1,13,1,9,5,1,2,0,0,40,16,2
27,1,96226,4,9,1,2,3,1,2,0,0,70,1,1
38,1,95336,1,13,1,4,3,1,2,0,0,50,1,2
33,1,258498,2,10,1,2,1,1,1,0,0,60,1,1
63,0,149698,2,10,1,0,3,1,2,0,0,15,1,1
23,1,205865,1,13,3,5,2,1,2,0,0,28,1,1
33,3,155781,2,10,1,2,3,1,2,0,0,60,0,1
54,2,406468,4,9,1,4,3,5,2,0,0,40,1,1
29,1,177119,7,11,2,1,4,1,1,2174,0,45,1,1
48,0,144397,2,10,2,0,6,5,1,0,0,30,1,1
35,2,372525,1,13,3,5,4,1,2,0,0,40,1,1
28,1,164170,7,11,1,9,1,2,1,0,0,40,8,1
37,1,183800,1,13,1,6,3,1,2,7688,0,50,1,2
42,2,177307,5,15,1,10,3,1,2,0,0,65,1,2
40,1,170108,11,14,1,6,3,1,2,0,0,40,1,1
47,1,341995,2,10,2,4,2,1,2,0,0,55,1,1
22,1,226508,1,13,3,5,2,1,1,0,0,50,1,1
30,1,87418,1,13,1,5,3,1,2,0,0,45,1,2
28,1,109165,4,9,1,1,3,1,2,0,0,40,1,1
63,5,28856,9,4,1,3,3,1,2,0,0,55,1,1
51,2,175897,8,5,1,2,3,1,2,0,0,20,1,1
22,1,99697,4,9,3,7,2,1,1,0,0,40,1,1
27,0,90270,6,12,1,0,2,3,2,0,0,40,1,1
35,1,152375,4,9,3,4,4,1,2,0,0,45,1,1
46,1,171550,4,9,2,8,4,1,1,0,0,38,1,1
37,1,211154,2,10,2,8,4,1,2,0,0,52,1,1
24,1,202570,1,13,3,6,2,5,2,0,0,15,1,1
37,2,168496,4,9,2,7,2,1,2,0,0,10,1,1
53,1,68898,2,10,1,1,3,1,2,0,0,40,1,1
27,1,93235,4,9,3,4,4,1,2,0,0,30,1,1
38,1,278924,2,10,2,2,4,1,2,0,0,44,1,1
53,2,311020,13,6,1,10,3,1,2,0,0,60,1,1
34,1,175878,2,10,3,2,4,1,2,0,0,40,1,1
23,1,543028,4,9,3,4,2,5,2,0,0,40,1,1
39,1,202027,1,13,1,5,3,1,2,15024,0,45,1,2
43,1,158926,11,14,1,6,1,2,1,0,0,50,11,1
67,3,76860,4,9,1,5,3,2,2,0,0,40,1,2
81,2,136063,4,9,1,5,3,1,2,0,0,30,1,1
21,1,186648,2,10,3,3,2,1,2,0,0,20,1,1
23,1,257509,2,10,3,4,4,1,2,0,0,25,1,1
25,1,98155,2,10,3,11,6,1,2,0,0,40,1,1
42,1,274198,15,3,1,8,1,1,1,0,0,38,21,1
38,1,97083,2,10,1,9,1,5,1,0,0,40,1,1
64,0,29825,4,9,1,0,3,1,2,0,0,5,1,1
32,1,262153,4,9,1,8,3,1,2,0,0,40,1,1
37,1,214738,4,9,1,8,3,1,2,0,0,40,1,1
51,1,138022,11,14,1,5,3,1,2,0,0,60,1,2
22,1,91842,2,10,3,4,4,1,1,0,0,42,1,1
33,1,373662,12,2,6,12,4,1,1,0,0,40,32,1
42,1,162003,4,9,2,8,4,1,2,0,0,55,1,1
19,0,52114,2,10,3,0,2,1,1,0,0,10,1,1
51,5,241843,16,1,1,3,3,1,2,0,0,40,1,1
23,1,375871,4,9,1,9,1,1,1,0,0,40,21,1
37,1,186934,3,7,1,8,3,1,2,3103,0,44,1,2
37,1,176900,4,9,1,2,3,1,2,0,0,99,1,2
47,1,21906,11,14,3,6,4,1,1,0,0,25,1,1
41,1,132222,5,15,1,6,3,1,2,0,2415,40,1,2
33,1,143653,4,9,1,2,3,1,2,0,0,30,1,1
31,1,111567,1,13,3,4,4,1,2,0,0,40,1,2
31,1,78602,6,12,2,3,6,3,1,0,0,40,1,1
35,1,465507,4,9,1,8,3,5,2,0,0,40,1,1
38,3,196373,4,9,1,5,3,1,2,0,0,40,1,2
18,1,293227,4,9,3,3,4,1,1,0,0,45,1,1
20,1,241752,4,9,1,8,3,1,2,0,0,40,1,1
54,5,166398,2,10,2,5,6,5,1,0,0,35,1,1
40,1,184682,2,10,2,9,6,1,1,0,0,40,1,1
36,3,108293,1,13,1,5,1,1,1,0,1977,45,1,2
43,1,250802,2,10,2,2,6,1,2,0,0,35,1,1
44,2,325159,2,10,2,10,6,1,2,0,0,40,1,1
44,6,174675,4,9,1,6,1,1,1,0,0,40,1,2
43,1,227065,11,14,1,5,3,1,2,0,0,43,1,2
51,1,269080,9,4,5,3,6,5,1,0,0,40,1,1
18,1,177722,4,9,3,3,2,1,1,0,0,20,1,1
51,1,133461,2,10,1,5,3,1,2,0,0,40,1,1
41,1,239683,13,6,1,2,3,1,2,0,0,30,0,1
44,3,398473,2,10,1,4,3,1,2,0,0,70,1,2
33,5,298785,13,6,2,11,4,1,2,0,0,40,1,1
33,2,123424,1,13,1,5,3,1,2,0,0,40,1,2
42,1,176286,6,12,1,5,3,1,2,0,0,40,1,2
25,1,150062,2,10,1,6,3,1,2,0,0,45,1,1
32,1,169240,4,9,2,8,4,1,1,0,0,38,1,1
32,1,288273,1,13,1,2,3,1,2,0,0,70,21,1
36,1,526968,13,6,2,5,6,1,1,0,0,40,1,1
28,1,57066,4,9,1,11,3,1,2,0,0,40,1,1
20,1,323573,4,9,3,3,2,1,1,0,0,20,1,1
35,3,368825,2,10,1,4,3,1,2,0,0,60,1,2
55,2,189721,4,9,1,2,3,1,2,0,0,20,1,1
48,1,164966,1,13,1,5,3,2,2,0,0,40,8,2
36,0,94954,7,11,5,0,4,1,1,0,0,20,1,1
34,1,202046,4,9,1,2,3,1,2,0,0,35,1,2
28,1,161538,1,13,3,1,4,1,1,0,0,35,1,1
67,1,105252,1,13,5,5,4,1,2,0,2392,40,1,2
37,1,200153,4,9,1,2,3,1,2,0,0,40,1,1
44,1,32185,4,9,3,11,6,1,2,0,0,70,1,1
25,1,178326,2,10,3,4,4,1,1,0,0,40,1,1
21,1,255957,2,10,3,5,4,1,1,4101,0,40,1,1
40,6,188693,11,14,1,6,3,1,2,0,0,35,1,2
78,1,182977,4,9,5,3,4,5,1,2964,0,40,1,1
34,1,159929,4,9,2,7,2,1,2,0,0,40,1,1
49,1,123207,4,9,3,9,4,1,1,0,0,44,1,1
22,1,284317,6,12,3,9,4,1,1,0,0,40,1,1
23,0,184699,4,9,3,0,6,5,1,0,0,40,1,1
60,2,154474,4,9,3,10,6,1,2,0,0,42,1,1
45,5,318280,4,9,5,13,4,1,2,0,0,40,1,2
63,1,254907,7,11,2,3,4,1,1,0,0,20,1,1
41,1,349221,4,9,3,2,2,5,1,0,0,35,1,1
47,1,335973,4,9,2,9,6,1,1,0,0,40,1,1
44,1,126701,4,9,2,2,6,1,2,0,0,40,1,1
51,1,122159,2,10,5,6,4,1,1,3325,0,40,1,1
46,1,187370,1,13,3,4,4,1,2,0,1504,40,1,1
41,1,194636,7,11,1,8,3,1,2,0,0,40,1,1
50,2,124793,4,9,1,2,3,1,2,0,0,30,1,1
47,1,192835,4,9,1,9,3,1,2,0,0,50,1,2
35,1,290226,4,9,3,5,4,1,2,0,0,45,1,1
56,1,112840,4,9,1,5,3,1,2,0,0,55,1,2
45,1,89325,11,14,2,6,4,1,2,0,0,45,1,1
48,4,33109,1,13,2,5,6,1,2,0,0,58,1,2
40,1,82465,2,10,1,8,3,1,2,2580,0,40,1,1
39,3,329980,1,13,1,5,3,1,2,15024,0,50,1,2